1482588127.85,u,0,0
1482588128.35,u,3,3
1482588128.41,u,6,6
1482588128.45,u,9,9
1482588129.10,u,12,12
1482588129.60,u,15,15
1482588129.67,u,18,18
1482588129.71,u,21,21
1482588129.76,u,24,24
1482588129.80,u,27,27
1482588129.91,u,30,30
1482588129.92,u,33,33
1482588129.96,u,36,36
1482588130.00,u,39,39
1482588130.26,u,42,42
1482588130.60,u,45,45
1482588130.80,u,48,48
1482588130.97,u,51,51
1482588131.26,u,54,54
1482588131.76,u,57,57
1482588132.14,r,60,60
1482588132.65,r,63,57
1482588132.70,r,66,54
1482588132.74,r,69,51
1482588132.80,r,72,48
1482588132.85,r,75,45
1482588132.90,r,78,42
1482588132.95,r,81,39
1482588133.00,r,84,36
1482588133.05,r,87,33
1482588133.10,r,90,30
1482588133.16,r,93,27
1482588133.20,r,96,24
1482588133.25,r,99,21
1482588133.30,r,102,18
1482588133.36,r,105,15
1482588133.40,r,108,12
1482588133.47,r,111,9
1482588133.54,r,114,6
1482588133.57,r,117,3
1482588133.61,r,120,0
1482588133.68,r,123,-3
1482588133.74,s,126,-6
1482588134.04,r,60,60
1482588134.54,r,63,57
1482588134.60,r,66,54
1482588134.64,r,69,51
1482588134.69,r,72,48
1482588134.74,r,75,45
1482588134.80,r,78,42
1482588134.84,r,81,39
1482588134.90,r,84,36
1482588134.94,r,87,33
1482588135.54,s,90,30
1482588136.01,r,60,60
1482588136.37,r,63,57
1482588136.40,r,66,54
1482588136.46,r,69,51
1482588136.51,r,72,48
1482588136.57,r,75,45
1482588136.61,r,78,42
1482588136.67,r,81,39
1482588136.71,r,84,36
1482588136.77,r,87,33
1482588136.81,r,90,30
1482588136.87,r,93,27
1482588136.91,r,96,24
1482588136.97,r,99,21
1482588137.01,r,102,18
1482588137.08,r,105,15
1482588137.30,s,108,12
1482588137.66,r,60,60
1482588138.20,r,63,57
1482588138.25,r,66,54
1482588138.30,r,69,51
1482588138.37,r,72,48
1482588138.40,r,75,45
1482588138.46,r,78,42
1482588138.50,r,81,39
1482588139.99,s,84,36
1482588140.34,r,60,60
1482588140.93,s,63,57
1482588140.99,l,60,60
1482588141.50,l,57,63
1482588141.54,l,54,66
1482588141.64,l,51,69
1482588141.77,l,48,72
1482588142.04,s,45,75
1482588142.13,r,60,60
1482588142.63,r,63,57
1482588142.69,r,66,54
1482588142.73,r,69,51
1482588142.79,r,72,48
1482588142.83,r,75,45
1482588142.89,r,78,42
1482588142.93,r,81,39
1482588142.98,r,84,36
1482588143.03,r,87,33
1482588143.08,r,90,30
1482588143.13,r,93,27
1482588143.19,r,96,24
1482588143.23,r,99,21
1482588143.28,r,102,18
1482588143.33,r,105,15
1482588143.83,s,108,12
1482588144.19,r,60,60
1482588144.69,r,63,57
1482588144.75,r,66,54
1482588144.80,r,69,51
1482588144.84,r,72,48
1482588144.89,r,75,45
1482588144.94,r,78,42
1482588144.99,r,81,39
1482588145.05,r,84,36
1482588145.09,r,87,33
1482588145.17,r,90,30
1482588145.19,r,93,27
1482588145.27,r,96,24
1482588145.30,r,99,21
1482588145.34,r,102,18
1482588145.39,r,105,15
1482588145.67,s,108,12
1482588146.85,l,60,60
1482588147.36,l,57,63
1482588147.40,l,54,66
1482588147.45,l,51,69
1482588147.53,l,48,72
1482588147.56,l,45,75
1482588147.77,s,42,78
1482588147.97,r,60,60
1482588148.51,r,63,57
1482588148.52,r,66,54
1482588148.57,r,69,51
1482588148.62,r,72,48
1482588148.69,r,75,45
1482588148.73,r,78,42
1482588148.77,r,81,39
1482588148.83,r,84,36
1482588148.88,r,87,33
1482588148.93,r,90,30
1482588148.97,r,93,27
1482588149.03,r,96,24
1482588149.30,s,99,21
1482588149.50,l,60,60
1482588149.98,l,57,63
1482588150.03,l,54,66
1482588150.08,l,51,69
1482588150.13,l,48,72
1482588150.19,l,45,75
1482588150.23,l,42,78
1482588150.30,l,39,81
1482588150.53,s,36,84
1482588150.69,r,60,60
1482588151.22,r,63,57
1482588151.25,r,66,54
1482588151.30,r,69,51
1482588151.34,r,72,48
1482588151.39,r,75,45
1482588151.44,r,78,42
1482588151.49,r,81,39
1482588151.77,r,84,36
1482588151.82,r,87,33
1482588152.61,s,90,30
1482588154.28,u,60,60
1482588154.79,r,63,63
1482588155.30,r,66,60
1482588155.36,r,69,57
1482588155.41,r,72,54
1482588155.44,r,75,51
1482588155.48,r,78,48
1482588155.54,r,81,45
1482588155.59,r,84,42
1482588155.66,r,87,39
1482588155.70,r,90,36
1482588156.22,s,93,33
1482588156.65,r,63,63
1482588157.44,r,66,60
1482588157.94,r,69,57
1482588157.99,r,72,54
1482588158.23,r,75,51
1482588159.39,r,78,48
1482588161.63,l,81,45
1482588162.14,l,78,48
1482588162.17,l,75,51
1482588162.35,l,72,54
1482588162.36,l,69,57
1482588162.37,l,66,60
1482588162.43,l,63,63
1482588162.47,l,60,66
1482588162.54,l,57,69
1482588162.57,l,54,72
1482588162.62,l,51,75
1482588162.69,l,48,78
1482588162.73,l,45,81
1482588163.10,s,42,84
1482588163.26,r,63,63
1482588163.76,r,66,60
1482588163.82,r,69,57
1482588163.89,r,72,54
1482588163.92,r,75,51
1482588163.97,r,78,48
1482588164.02,r,81,45
1482588164.06,r,84,42
1482588164.12,r,87,39
1482588164.19,r,90,36
1482588164.22,r,93,33
1482588164.26,r,96,30
1482588164.76,s,99,27
1482588165.61,r,63,63
1482588165.99,r,66,60
1482588166.03,r,69,57
1482588166.08,r,72,54
1482588166.15,r,75,51
1482588166.18,r,78,48
1482588166.25,r,81,45
1482588166.29,r,84,42
1482588166.32,r,87,39
1482588166.39,r,90,36
1482588166.42,r,93,33
1482588166.47,r,96,30
1482588166.52,r,99,27
1482588166.79,s,102,24
1482588167.15,l,63,63
1482588168.49,u,60,66
1482588168.95,u,63,69
1482588169.00,u,66,72
1482588169.22,r,69,75
1482588169.71,r,72,72
1482588169.77,r,75,69
1482588169.82,r,78,66
1482588170.02,r,81,63
1482588170.03,r,84,60
1482588170.05,r,87,57
1482588170.08,r,90,54
1482588170.16,r,93,51
1482588170.22,r,96,48
1482588170.25,r,99,45
1482588170.27,r,102,42
1482588170.32,r,105,39
1482588170.37,r,108,36
1482588170.42,r,111,33
1482588170.68,s,114,30
1482588171.09,r,72,72
1482588171.69,r,75,69
1482588171.73,r,78,66
1482588173.62,l,81,63
1482588174.13,l,78,66
1482588174.20,l,75,69
1482588174.22,l,72,72
1482588174.27,l,69,75
1482588174.32,l,66,78
1482588174.37,l,63,81
1482588174.43,l,60,84
1482588174.47,l,57,87
1482588174.54,l,54,90
1482588174.57,l,51,93
1482588174.64,l,48,96
1482588174.70,l,45,99
1482588174.79,s,42,102
1482588175.02,r,72,72
1482588175.52,r,75,69
1482588175.58,r,78,66
1482588175.62,r,81,63
1482588175.67,r,84,60
1482588175.72,r,87,57
1482588175.76,r,90,54
1482588175.82,r,93,51
1482588175.87,r,96,48
1482588175.92,r,99,45
1482588175.97,r,102,42
1482588176.24,s,105,39
1482588176.76,r,72,72
1482588177.26,r,75,69
1482588177.32,r,78,66
1482588177.36,r,81,63
1482588180.15,l,84,60
1482588180.62,l,81,63
1482588180.76,l,78,66
1482588181.54,s,75,69
1482588181.97,r,72,72
1482588182.46,r,75,69
1482588183.77,r,78,66
1482588185.20,h,81,63
