1482582323,2
1482582324,7
1482582325,6
1482582326,6
1482582327,6
1482582328,2
1482582329,5
1482582330,3
1482582331,4
1482582332,5
1482582333,4
1482582334,5
1482582335,4
1482582336,4
1482582337,4
1482582338,3
1482582339,4
1482582340,4
1482582341,5
1482582342,4
1482582343,5
1482582344,4
1482582345,2
1482582346,4
1482582347,2
1482582348,7
1482582349,5
1482582350,5
1482582351,4
1482582352,2
1482582353,2
1482582354,5
1482582355,3
1482582356,3
1482582357,3
1482582358,17
1482582359,17
1482582360,19
1482582361,18
1482582362,14
1482582363,6
1482582364,3
1482582365,3
