1482588129,6
1482588130,6
1482588131,7
1482588132,7
1482588133,6
1482588134,4
1482588135,4
1482588136,4
1482588137,3
1482588138,5
1482588139,5
1482588140,3
1482588141,1
1482588142,1
1482588143,2
1482588144,2
1482588145,1
1482588146,2
1482588147,1
1482588148,1
1482588149,5
1482588150,4
1482588151,5
1482588152,4
1482588153,5
1482588154,3
1482588155,6
1482588156,5
1482588157,3
1482588158,8
1482588159,5
1482588160,6
1482588161,4
1482588162,5
1482588163,5
1482588164,6
1482588165,3
1482588166,1
1482588167,2
1482588168,1
1482588169,4
1482588170,7
1482588171,6
1482588172,6
1482588173,5
1482588174,7
1482588175,6
1482588176,9
1482588177,5
1482588178,8
1482588179,5
1482588180,3
1482588181,4
1482588182,2
1482588183,3
1482588184,5
1482588185,8
1482588186,5
1482588187,6
1482588188,7
1482588189,2
