1482587814.47,u,0,0
1482587814.97,u,3,3
1482587815.02,u,6,6
1482587815.32,u,9,9
1482587815.82,u,12,12
1482587815.88,u,15,15
1482587815.92,u,18,18
1482587815.99,u,21,21
1482587816.02,u,24,24
1482587816.07,u,27,27
1482587816.12,u,30,30
1482587816.17,u,33,33
1482587816.23,u,36,36
1482587816.28,u,39,39
1482587816.62,u,42,42
1482587817.09,u,45,45
1482587817.32,u,48,48
1482587817.56,u,51,51
1482587817.90,r,54,54
1482587818.40,r,57,51
1482587818.45,r,60,48
1482587818.51,r,63,45
1482587818.55,r,66,42
1482587818.61,r,69,39
1482587818.65,r,72,36
1482587818.71,r,75,33
1482587818.75,r,78,30
1482587818.82,r,81,27
1482587818.85,r,84,24
1482587818.96,r,87,21
1482587818.97,r,90,18
1482587819.01,r,93,15
1482587819.06,r,96,12
1482587819.28,s,99,9
1482587819.69,r,54,54
1482587820.22,r,57,51
1482587820.23,r,60,48
1482587820.37,r,63,45
1482587820.38,r,66,42
1482587820.39,r,69,39
1482587820.45,r,72,36
1482587820.57,r,75,33
1482587820.74,r,78,30
1482587820.75,r,81,27
1482587821.49,s,84,24
1482587823.24,r,54,54
1482587823.67,r,57,51
1482587823.72,r,60,48
1482587823.77,r,63,45
1482587823.82,r,66,42
1482587823.88,r,69,39
1482587823.92,r,72,36
1482587823.98,r,75,33
1482587824.02,r,78,30
1482587824.08,r,81,27
1482587824.12,r,84,24
1482587824.66,s,87,21
1482587825.13,r,54,54
1482587825.59,r,57,51
1482587825.65,r,60,48
1482587825.69,r,63,45
1482587825.74,r,66,42
1482587825.79,r,69,39
1482587825.86,r,72,36
1482587825.89,r,75,33
1482587825.94,r,78,30
1482587826.00,r,81,27
1482587826.05,r,84,24
1482587826.10,r,87,21
1482587826.44,s,90,18
1482587827.97,r,54,54
1482587828.45,r,57,51
1482587828.51,r,60,48
1482587828.55,r,63,45
1482587828.62,r,66,42
1482587828.65,r,69,39
1482587828.72,r,72,36
1482587828.75,r,75,33
1482587828.81,r,78,30
1482587828.85,r,81,27
1482587828.91,r,84,24
1482587829.58,s,87,21
1482587830.38,r,54,54
1482587830.88,r,57,51
1482587830.92,r,60,48
1482587830.98,r,63,45
1482587831.02,r,66,42
1482587831.07,r,69,39
1482587831.12,r,72,36
1482587831.19,r,75,33
1482587831.22,r,78,30
1482587831.27,r,81,27
1482587831.32,r,84,24
1482587831.72,s,87,21
1482587832.56,r,54,54
1482587833.06,r,57,51
1482587833.12,r,60,48
1482587833.16,r,63,45
1482587833.22,r,66,42
1482587833.26,r,69,39
1482587833.32,r,72,36
1482587833.36,r,75,33
1482587833.41,r,78,30
1482587833.47,r,81,27
1482587833.52,r,84,24
1482587833.57,r,87,21
1482587833.62,r,90,18
1482587833.67,r,93,15
1482587833.73,r,96,12
1482587833.99,s,99,9
1482587834.31,l,54,54
1482587834.80,l,51,57
1482587834.86,l,48,60
1482587834.90,l,45,63
1482587834.96,l,42,66
1482587835.01,l,39,69
1482587835.05,l,36,72
1482587835.11,l,33,75
1482587835.15,l,30,78
1482587835.48,s,27,81
1482587835.62,r,54,54
1482587836.12,r,57,51
1482587836.17,r,60,48
1482587836.22,r,63,45
1482587836.28,r,66,42
1482587836.32,r,69,39
1482587836.44,r,72,36
1482587836.45,r,75,33
1482587836.47,r,78,30
1482587836.52,r,81,27
1482587836.58,r,84,24
1482587836.98,s,87,21
1482587838.39,r,54,54
1482587838.89,r,57,51
1482587838.95,r,60,48
1482587838.99,r,63,45
1482587839.05,r,66,42
1482587841.38,s,69,39
1482587842.65,r,54,54
1482587843.15,r,57,51
1482587843.21,r,60,48
1482587843.25,r,63,45
1482587843.33,r,66,42
1482587843.38,r,69,39
1482587843.41,r,72,36
1482587843.46,r,75,33
1482587843.52,r,78,30
1482587843.79,s,81,27
1482587845.25,r,54,54
1482587845.75,r,57,51
1482587845.81,r,60,48
1482587845.85,r,63,45
1482587845.91,r,66,42
1482587845.95,r,69,39
1482587846.01,r,72,36
1482587846.05,r,75,33
1482587846.11,r,78,30
1482587846.15,r,81,27
1482587846.34,s,84,24
1482587847.71,r,54,54
1482587848.20,r,57,51
1482587848.25,r,60,48
1482587848.31,r,63,45
1482587848.35,r,66,42
1482587848.41,r,69,39
1482587848.45,r,72,36
1482587848.50,r,75,33
1482587850.04,s,78,30
1482587852.19,u,54,54
1482587853.51,l,57,57
1482587856.44,u,54,60
1482587856.94,u,57,63
1482587857.11,s,60,66
1482587858.11,r,63,63
1482587858.59,r,66,60
1482587858.77,r,69,57
1482587858.78,r,72,54
1482587858.84,r,75,51
1482587858.88,r,78,48
1482587859.06,r,81,45
1482587859.07,r,84,42
1482587859.13,r,87,39
1482587860.44,s,90,36
1482587860.94,l,63,63
1482587861.45,l,60,66
1482587861.49,l,57,69
1482587861.56,l,54,72
1482587861.59,l,51,75
1482587861.66,l,48,78
1482587861.70,l,45,81
1482587861.78,l,42,84
1482587861.81,l,39,87
1482587861.86,l,36,90
1482587861.91,l,33,93
1482587861.95,l,30,96
1482587862.00,l,27,99
1482587862.17,s,24,102
1482587862.99,r,63,63
1482587863.50,r,66,60
1482587863.55,r,69,57
1482587863.61,r,72,54
1482587863.72,r,75,51
1482587863.75,r,78,48
1482587863.81,r,81,45
1482587863.85,r,84,42
1482587863.91,r,87,39
1482587863.95,r,90,36
1482587864.07,r,93,33
1482587864.11,r,96,30
1482587864.15,r,99,27
1482587864.83,s,102,24
1482587867.45,l,63,63
1482587867.95,l,60,66
1482587868.00,l,57,69
1482587868.05,l,54,72
1482587868.11,l,51,75
1482587868.16,l,48,78
1482587868.21,l,45,81
1482587868.26,l,42,84
1482587868.67,s,39,87
1482587868.99,r,63,63
1482587869.48,r,66,60
1482587869.54,r,69,57
1482587869.61,r,72,54
1482587869.63,r,75,51
1482587869.68,r,78,48
1482587869.74,r,81,45
1482587869.78,r,84,42
1482587869.83,r,87,39
1482587869.87,r,90,36
1482587869.93,r,93,33
1482587869.98,r,96,30
1482587870.04,r,99,27
1482587870.43,s,102,24
1482587870.54,l,63,63
1482587871.04,l,60,66
1482587871.08,l,57,69
1482587871.15,l,54,72
1482587871.21,l,51,75
1482587871.24,l,48,78
1482587871.29,l,45,81
1482587871.34,l,42,84
1482587871.40,l,39,87
1482587871.44,l,36,90
1482587871.48,l,33,93
1482587871.77,s,30,96
1482587872.35,r,63,63
1482587872.87,r,66,60
1482587872.90,r,69,57
1482587872.95,r,72,54
1482587873.01,r,75,51
1482587873.07,r,78,48
1482587873.11,r,81,45
1482587873.16,r,84,42
1482587873.21,r,87,39
1482587873.26,r,90,36
1482587873.31,r,93,33
1482587873.37,r,96,30
1482587873.41,r,99,27
1482587873.47,r,102,24
1482587874.37,s,105,21
1482587875.27,l,63,63
1482587875.83,l,60,66
1482587876.22,l,57,69
1482587877.07,h,54,72
